Try: 0 2.0526808216799223e-06 0.06508394027684096 0.06508188759601928
Try: 1 0.12560682376790913 0.27965887729032995 0.15405205352242082
Try: 2 0.3667360609629783 0.43190826651515146 0.06517220555217318
Try: 3 0.507031868690829 0.5665756234299557 0.059543754739126764
Try: 4 0.6131456143037368 0.6818763473283743 0.0687307330246375
Try: 5 0.7486471807044719 0.8081831352564763 0.059535954552004444
Try: 6 0.8499239892291732 0.9152115554435248 0.06528756621435161
Try: 7 0.9833215577876863 1.0567558036471212 0.07343424585943492
Try: 8 1.1499438181259105 1.2411727540284887 0.09122893590257819
Try: 9 1.2998367297674436 1.41356838444577 0.11373165467832647

average: 
0.08157989916410732
min: 
0.059535954552004444
max: 
0.1540520535224208267