Try: 0 2.0526808216799223e-06 0.12051781747480027 0.12051576479397859
Try: 1 0.16266058635238206 0.274767749428431 0.11210716307604895
Try: 2 0.3167483565211001 0.39976451645613686 0.08301615993503675
Try: 3 0.4416470054055297 0.5375178737182548 0.09587086831272507
Try: 4 0.5793203081156021 0.7748389774529433 0.1955186693373412
Try: 5 0.8149278339003522 0.8998304075105128 0.08490257361016063
Try: 6 0.9416008200870418 1.0248452381294495 0.08324441804240768
Try: 7 1.066645619845975 1.1498686900078372 0.08322307016186214
Try: 8 1.1916928828218942 1.2541781291784884 0.06248524635659414
Try: 9 1.329333753174984 1.391513150089148 0.062179396914163965

average: 
0.0983063330540319
min: 
0.062179396914163965
max: 
0.1955186693373412