Try: 0 0.0670583958774 0.0679175486989 0.000859152821434
Try: 1 0.0679261017384 0.0679491949452 2.30932067484e-05
Try: 2 0.0679543267689 0.0679757093677 2.13825988411e-05
Try: 3 0.0679787029316 0.0679996578784 2.09549468642e-05
Try: 4 0.0680026514423 0.0680231787371 2.05272948874e-05
Try: 5 0.068026599953 0.0680471272478 2.05272948874e-05
Try: 6 0.0680505484637 0.0680715034105 2.09549468642e-05
Try: 7 0.0680744969744 0.0680954519212 2.09549468642e-05
Try: 8 0.0680980178331 0.068118545128 2.05272948874e-05
Try: 9 0.0681219663438 0.0681424936387 2.05272948874e-05

average: 
0.000104860264717
min: 
2.05272948874e-05
max: 
0.00085915282143471060790729e-06
max: 
0.000162507751192